2026-06-16_13-05-57,0,draft.go:2026-06-16_13-05-57
2026-06-16_13-07-03,100,draft.go:2026-06-16_13-07-03
